 A       1       2       3       4       5       6       7       8       9      10      11      12      13      14      15      16      17      18      19      20
 1   39146
 2   24277    1148
 3   60156   41829     913
 4    5059   51820   41383    2030
 5   13922   19758   23384    9531    2432
 6    9236   20907   12704    7912    5989    1809
 7    9011   14120   13323    8910    9413    7928    1986
 8    7494   10329    6474    5796    6671    6645    6639     863
 9    4577    4418    4095    3049    5326    4951    5028    3293    1021
10    2777    3217    1945    2301    1942    3742    3921    2824    2270     345
11    1797    1265    1403     704    1366    1498    3805    2224    1676    1232     103
12     845    1120     827    1011     576     589    1366    1737    1746     517    1033     139
13     425     519     392     485     541     330     674     750    1473     612     473    1028      23
14     509     230     276     214     352     137     195     227     414     911     257     215     243     180
15     222     226     164     101     341     195     130     132     190     315     291     317     114     159      49
16      85      76      30      83     168      63     108      83      51      81      80     181      64     102     110      10
17      25      25      18      22      65      20      16      32      33      43      29     161      79      42      32      47       1
18      25      17      12       9      62      10      20      22      55      35      36      14      37      91      30      11      28       2
19      10      15       5       3      54       4      15      11       6      14      13      10      18      10      23      15       9       9       3
20      16       7       4       3      82       5      10      23      25      11      20      31       7      26      29      19      33      17       2       0

 B       1       2       3       4       5       6       7       8       9      10      11      12      13      14      15      16      17      18      19      20
 1     336
 2   13760      33
 3   11808     400    1134
 4   13167     476     751     689
 5    9806    5081    1629    1304     153
 6    9595     329    2134    2147     231      87
 7    8942     569    1422    2554    1180     124      68
 8    3962     487    1004    1533    1428    2404      99      15
 9    1967     462     717     511     615     836     983      29      27
10    1202     252     546     268     635     485     486     921      12      11
11     457     108     262     205     372     492     255     233     490       5       2
12     388      78     209      60     180     155     164     115      45     302       5       2
13     196      14      69      63      83     140      86      90      36      20     158      54       0
14      56      14      59      28      56      24      37      56     154      41      11      89     128      35
15      49       4      42      14      12      20      16      28       9      43      49      19      17       9      13
16      13       2      12      10      11      19       7       7      31      18      18       7       6      47      34       2
17       6       2       5       2       6      19       0       5       6      20       1       2      14       1      19       1       5
18       4       3       1       2       2       6       0       2       6       7      12       3       3       6       1       4       0       1
19       6       0       1       0       0       2       1       2       2       6       1       4       0       7       3       3       1       1       0
20       6       0       2       0       0       1       3      11       3       3      15       2       0       2       3      26       0       6       2       0

 C       1       2       3       4       5       6       7       8       9      10      11      12      13      14      15      16      17      18      19      20
 1     386
 2     961      76
 3    5452     518     388
 4    7568     304   10673     191
 5   12157    1443    1873   11291     826
 6   10203    3073    6876    2693    5143    1096
 7   12073    1921    7699    6122    2938    4344     887
 8    8411    2273    4509    3417    3121    3164    3767    1551
 9    7200    1327    3816    5775    2840    2576    1867    1989     426
10    4904     832    2087    1952    1640    2180    1070    1010    1854     487
11    2735     686    1104     993     704     994    1270     800     713     744     245
12    1902     360     692     447     424     908     435     953     184     314     493     134
13    1053      91     341     356     195     451     387     343     255      80     324     106     136
14     394     107     266     201     107     192     127     171     182     169      75     114      94     189
15     251     109      90     105      79     117     106      83     100      72     127      48     137      84      43
16      81       8      95      25      30      80      21      52      86      47      41      36      32      45      14      13
17      36       1      56      17      13      28      28      21      49      26      31      11      19      10      11       6       7
18      32       3      11      13      21       6      38      18      20      20       8      28      10       6       3      18       4       3
19      15       3       7       7       7       3       6      10       2      15       3       8       5       5       7       3       4       4       1
20      20       0      10       3       1       5      12       8       4      20      17       7       4       7       5       9      16       3       5       1

 D       1       2       3       4       5       6       7       8       9      10      11      12      13      14      15      16      17      18      19      20
 1    1493
 2    5989     290
 3    5894     405   56764
 4    8761     822    4253   18564
 5    4540     814    4467    5186   19134
 6    5229     668    3035    4806    2609   20544
 7    5064     656    2397    4500    2163    3549   13683
 8    4503     744    2068    3714    2932    2301    1189   11403
 9    4269     823    1132    1615    1253    3000    1228     915    7643
10    2647     455    1693    1152     522    1296     732     517     281    4443
11    1626     220     639     609     510     311     455     374     266     184    2008
12     690      57     343     669     272     451     161     248     162      91      43    1549
13     362      42     303     132     118     180      86     206     118     336      25      35     404
14     306     309     121      81      95      85      68      63      75     132      50      29      12     231
15     174      23      32      85      63      45      43      46      70      31      50      54      43      15     160
16      71       2      79      59      11      33      12      30      24      16      37      80      20      13       4      52
17      17       1      37      40      17      23      40       9       5       9      18      35      16      12       8       5      47
18      17       0      15      10      35      21       8       6       5       8       9       8      21      14       6      77       2      41
19       3       0      11       2       2       2       3       6       3       9       3       2       3       4       4       1      39       2      13
20       2       2       4       1       0       4       3       4       0       3       2       1       7       2       4       3       2       2       3       5

 E       1       2       3       4       5       6       7       8       9      10      11      12      13      14      15      16      17      18      19      20
 1     275
 2     416   35526
 3    1515   21223  113485
 4    5860   38692   39031   58191
 5    3859   18463   23998   33104   33259
 6    4979   26395    7071   12596   41595   21786
 7    4526   25773    8009   10866   18264   28355   16338
 8    3966   12881    6975   10126    7417    8528   20105   10193
 9    4219   10062    4760    9396   10364    3113    6990   15799    8029
10    2895    6359    3272    5902    6213    3185    2866    4926    7399    4685
11    1504    3776    1057    3537    2517    1990    2230    1230    2275    3882    2662
12     534    1788     766    1444    2385     772    1400     908     708     965    2414    1259
13     458     766     264    1374     697     534     505     523     528     324     763     985     496
14      67     653     224     312     416     290     519     277     261     254     190     333     426     383
15      78     392      83     216     384     196     405     257     187     303     182     131     185     467     153
16      70     224      88     143     242      58     233     102      87     110     196      81     134     167     150     187
17      61     210      18      51      84     170     101      51     168      32      65      80      42      56      37      84      75
18      20      69      36      58      42      17     100      36      21      20      63      29      43      62      26      36      63      28
19      11       9      12      15      14      19      53      12      24      13      15       8      19      18      23       5      11      26      13
20       6      30       4      13      18       6      71       5      14      14      38      34      28      17      11      11       8       3      42      12

 F       1       2       3       4       5       6       7       8       9      10      11      12      13      14      15      16      17      18      19      20
 1     258
 2      71   44386
 3   16709    1389    1378
 4   16715      27    3002    1101
 5    8661    2968     699     904     913
 6    6972    1270    3553     612     162     947
 7    6157     930    2114    1544     679     368     851
 8    3420     392    1179     808     596     737     366     202
 9    1900    1181    2719    1801     606     672     381      73     149
10    1041     125     914    1068     481     290     283     322      54      35
11     708     260     976     799     168     477     167     122      42      12      23
12     159      26     152     461     143     443      55     102     528      16       4      24
13     120      39     161     150     141     244      56      35      39      17      10       5       6
14     104       9      58      95     113      74      91      56      92      17      19      10       8       8
15     147      17      44      64      16      56      12      32     262       8       7      11      32      28       6
16      76      13       6      14       8      12       8      17     109       9       5       8       8       3       1       3
17      15       0       3      30       2       3       5       4      35       5       4       4      26       2       4       8       1
18      66       0       2      12      16       2       9       2      49      10      19       4      18       9       3       5       0       1
19      46       0       0       2       4       1       8       3      44       6       0       4       2       5       0       3       1       1       0
20      72       0       1      16       6       1       7       4      65       5       1       2       8       2       4       2       3       2       7       1

 G       1       2       3       4       5       6       7       8       9      10      11      12      13      14      15      16      17      18      19      20
 1     236
 2    1738      54
 3    4923    1056    2092
 4    6852     196    2300    2304
 5    7688    1276    6876    2432    7784
 6    4029     475    3402    4140    4274    7287
 7    3409    1018    2645    3178    3192    3972   14790
 8    1632     176    1764    2535    1570    1513    2196    9050
 9    1111     143    1557    1064    1281     757     717     979    6692
10    1212     157     949     520     975     999     819     417     528    3329
11     358      49     929     439     450     287     278     298     422     217    1866
12     162      43     384     243     139     220     137     211     133     265     108     890
13      98       2     226     139      72     134      95     315     204      74      60      30     669
14      54       8      58      85      62      81      38     114      16     106      47      62       6     216
15      24       0      35      40      37     144      28      32      28      55      52      24      27      18     138
16      35       0      16      27       3      78      12      17       9      61       3      16      44       9       5      59
17     122       2      16      15     117      19       8      10      20       6       5       6       4       0       7      32      45
18      15       1       5      10       1      56      11       3       4      26       6       2       9      11       4       0       3      16
19       3       0       4       1       1      48       0       1       3       3       5       6       6       4       4       6       1       1       8
20       3       0       3       3       9      67       0       3       1       9       7       7       1       4       5       4       3       0       1      21

 H       1       2       3       4       5       6       7       8       9      10      11      12      13      14      15      16      17      18      19      20
 1     106
 2   12571    1006
 3   32231  102225     119
 4   18737   55851     519   18835
 5    5880   31593    2551    5009    9059
 6    4638    8496    2457    5367    2021    4112
 7    5620    6380    1058    4075    5069    1777    2625
 8    2409    4023     872    1753    3664    1591     450    1669
 9    1232    2166     527    1280    1038    2462     554     383     368
10     832    1855     223    1082     582     572    1204     690     277     553
11     382     633     370     567     341     293     231     407     472     217      86
12     323     506     179     258     308     265     205     136     280     577      56      63
13     134     235      35     157     221      90     277      58     120     205      69      32      19
14      73     128     134      98      65      77      64      68      26     102      50      42       8      12
15      32     137      17      79      59      51      89      55      40      42      26      52      33      52      18
16      32      34       4      46      17       9      21      18      46      29      21      18      20      12      40      19
17       8      25       3      42      13       6       7       5      19      53     121       5      15       1       3       5       3
18      11      18       1       5       6       5       7      10       8       6      12       7      19       9      18       3       2       4
19       5      12       1       4       5       7       2       1       1       5       5       3       5       4       2       7       2       5       1
20       0      11       1       6       0       1       5       3       1       3       7       2       7      21       1       3       2       1      10       0

 I       1       2       3       4       5       6       7       8       9      10      11      12      13      14      15      16      17      18      19      20
 1   20489
 2   62535     274
 3    5477   19945     485
 4    3876   38169   16401     252
 5    1446   17800   24098   12079     538
 6    2849   13332    8501   18724    5436     358
 7    2436   12480    7033   10170   27892    3376     335
 8    3276    6594    4893   10086    9179   19490    3156     240
 9    3736    4904    4825    5798    7019    6911   16886    1156     140
10    2499    3114    1724    3195    3924    4548    3962   10620    1149     193
11    2317    1800     696    1814    2391    2402    3436    2386    6897     577      71
12    1314     923     906     937    1619    1796    1408    1760    1486    4086     684       9
13     928     500     260     453     705     631    1147     593    1056     859    2169     154       4
14     232     380     148     522     210     672     224     543     277     466     501    1246     187       8
15      98     257      73     175     245     143     122     176     130     204     134     347     441      99      27
16      51      56      70      68     104      47     109     127      55     155     104     132      79     275      38      50
17      35      76      47      53      62      23      63      43      35      53      73      60      46      81     140      16      16
18      21      54       5      28      44      34      27      26      19      46      57      45      23      19      44      88       9       0
19       2       7       4       8      10       1      14       8       5       8      13       5       8      12      11      13      31       5       0
20       6      10       6      21       5       4       6      19       8       4      13      10      10      18      13       7      16      43       4       5

 J       1       2       3       4       5       6       7       8       9      10      11      12      13      14      15      16      17      18      19      20
 1     202
 2     109      27
 3    1248      20      22
 4    5326       4      14       2
 5    1692      44     575      16       3
 6    1336       4     311      63       8       3
 7    1209       5     163     386      12      11       2
 8     450       2     307     341      25      10       6       0
 9     225       0     157      90      31      16       1       2       0
10     124       1     110      81      16       6       3       5       7       0
11      81       1      35      29       5      17       6       1       2       0       0
12     166       0       5       9       6       2       4       1       1       0       0       0
13      76       3       8       1       1       1       2       4       0       6       0       0       0
14      91       0      16       2       0       2       0      10       2       2       3       3       0       2
15     112       0      10       1       1       3       0       4       9       6       2       1       1       0       0
16      37       1       5       1       1       4       3       4       2       3       1       0       2       0       0       0
17       4       1       0       1       0       0       0       0       0       0       0       2       1       0       1       0       0
18       0       0       1       0       0       0       2       1       0       0       0       1       0       0       1       1       0       0
19       1       0       0       0       0       1       0       0       0       0       0       0       2       1       0       0       0       0       0
20       0       0       1       0       0       0       0       0       0       1       0       0       0       0       1       6       0       0       0       0

 K       1       2       3       4       5       6       7       8       9      10      11      12      13      14      15      16      17      18      19      20
 1      85
 2      19     306
 3     488     208     469
 4    5950     333    7155   11680
 5    1742     146    2344    3436    6288
 6    1110     290    1690    4135    1883     487
 7    1076     123     283    3839    1253     385     449
 8     394      78     168     811    1342     345     294     411
 9     270      35     123     586     372     310     210     192     298
10      83      31      76     499     165     109     139     208     241     115
11      88      13      49     161     106      18      47     152     111      65     145
12      28       7      56     103      73      35      22      30      75      21      66      12
13      24       3      14      30      34      25       4      12      12      39      13       8      16
14       4       3      19      15      11       6       2       8      29       5      60      18       5      17
15      14       0      14      17      29       9       7      10      24      20      37      25       6       8      31
16       6       1       2       5       2       1       0       2       4      44       0       5      17       5       9       2
17       1       1       0       7       2       0       1       2       4       0       0       1       1      10       2       0       0
18       2       2       2       5       0       0       0       2       6       4       2       4       7       1       9       2       1       3
19       0       1       1       2       3       0       0       1       0       0       1       0       1       1       2       3       0       0       1
20       2       0       0       0       6       0       0       0       2       6       0       0       5       2      13       9       1       1       0       2

 L       1       2       3       4       5       6       7       8       9      10      11      12      13      14      15      16      17      18      19      20
 1     263
 2    1461    1718
 3    3237    5691    4986
 4   16257    4867   19406   13356
 5    7281    7894    5547   18925    7061
 6    6635    5969    7371    7733   15730    4364
 7    3852    5722    7921    8136    6050    7705    5450
 8    1764    2968    5088    4845    4550    2809    5809    4283
 9     981    1286    3578    3892    2605    2335    2056    4667    2595
10     766     825    1985    1718    1961    1106    2140    1658    3729    1839
11     353     518     915    1082    1390     942     559     993     742    1985     827
12     121     231     670     491     549     480     671     618     341     588    1535     848
13      49     118     338     185     206     203     286     260     104     211     276     819     949
14     112      54     168     119     114     126     197     185     159     129     270     142     312     183
15      81      26      99      95      59      85     148     117     156     102      55      86     215     156      85
16      10      15      81      23      29      15      54     103      31      27      48      33     105      40     102     100
17      19      15      46      13      15       9      11      17      15      32      48      23      33      22       9      28      44
18       7       4      56       9      10       7       6      33      20      18       6      19      23      22      54      36      28      13
19       0       5       5       1       0       4       3       5       8      12       8      14      14       6       2      17      11       6       6
20       0       5      11       5       3      13       3       4       1      24       4      10       9      10       9       1      20      12      15       9

 M       1       2       3       4       5       6       7       8       9      10      11      12      13      14      15      16      17      18      19      20
 1    2221
 2   10405     741
 3    4466     265    4815
 4   17484     214   12054   13104
 5    8137    2365    5615    3119     775
 6    8857     960    6657    3352    1820    1554
 7    7215    1589    4515    3149    1669    1344    2031
 8    5031    1649    4220    1743    2406    1521    1288     571
 9    2430    1788    4600    2064    1018    2367    1015     227     617
10    1535     727    2237    1347     830     680    2249     133     207     451
11     807     468    1415     478     418     930     821    1066     212      67     130
12     419     185     548     461     184     396     369     284     278      48      23      81
13     415      61     386     173     175     257      85     256     108     207      37      17      44
14     228      28     421     103     130     131     144      33     137      54     121      37      10      14
15     142      11     104      56      88      67      60      35      40      53     175      65      24      17      57
16     110       9      24      15      19      69      25      72      27      28      35      22      85       9      13      70
17      29       5       8       7       2       5      12      29       3      28      14      10       3      12      29       5       6
18      23       4      19      27       3      18      31      21       1       5      20       2       7       5       5       4       2      14
19       3       2       3       2       4       4       4       0       3       1       3       6       4       9       5       3       4       2       3
20       6       2      10      17       1       1      19       1       0       8       5       6      12       1       8      19       1      16       0       9

 N       1       2       3       4       5       6       7       8       9      10      11      12      13      14      15      16      17      18      19      20
 1     532
 2   10740   46183
 3   12942   50787   10058
 4    4618   10226   14895   22793
 5    3982    3904    8483   19263   10241
 6    3171    5697    8521    8586   14990    9302
 7    2441    5621    9764    7426    6659   22902    7945
 8    2260    5124    5808    4317    5429    8642   13604    7037
 9     966    4193    4564    2695    3812    5198    3600   12976    4800
10     473    3745    3286    1852    2049    3143    1768    3348    7889    4538
11     378    2812    1922    1154     959    1731    1181    1973    1747    4576    3106
12     320    2168    1474     645     683    1125     394    1091    1061    1349    2065    1724
13     109    1647     829     329     427     681     416     574     678     838     637    1321     866
14      61     411     269     333     493     331     198     358     309     301     174     221     585     682
15      74     174     224     149     124     129     114     225     132     120     147     139     139     292     237
16      18     192      89      78      59     160      61      76      59      58      55     162      86      62     108     116
17      22     102      46      20      33      64      43      64      39      49      25      38     167      49      53      84      61
18      13      50      36      15      18      26      11      28      56      48      24      30      36      27      36      12      47      46
19       2      16      14       8       5       9       1      18      11       8       7      20       6      13      11      15       9      19      19
20       0      25       5       4       7       8       3       2      20       6       8      13      25       8       8      22       3      14      36      51

 O       1       2       3       4       5       6       7       8       9      10      11      12      13      14      15      16      17      18      19      20
 1     132
 2   57839   57205
 3   14956   48651    8734
 4    6805   43132   19540    5425
 5    4837   34154   19540    4623    1330
 6    2635   19121   13330    9741    8559     794
 7    3100   16346   10280    5299    9408    5306    1007
 8    1974   12051    5621    4602    5165    4021    5261     366
 9    2074   12721    3215    3374    3450    4053    4611    4467     325
10     786    6067    2148    2310    2524    1704    1411    2761    4387     133
11     511    3465     952    2046    1691    1061     931     709    1710    2761      45
12     452    2221     710     666     822     478    1089     700     589    1191    1647      26
13     235    1244     308     638     374     635     544     466     273     616     639     772       9
14      78     578     189     230     274     227     361     237     212     199     279     326     657      11
15      18     359     211     133     104     139      96     229     112     157     172     102     179     180      90
16      36     178      86      50      75      58      58      91      92      64      56      68      60      72      95      24
17       2      80     134      23      26      45      34      37      18      41      33      17      30     129      24     177       4
18      10      95      74      18      24      76      35     102      16      30      28      52      26      30      31      40     114       0
19       1      63      55      13      13      14       3      51      12      11      26      13      13       7      17      16       7      47       4
20       1      80      77       4      22      11      16      76      10      14      12      14      14      14       7       7      32      14      36       5

 P       1       2       3       4       5       6       7       8       9      10      11      12      13      14      15      16      17      18      19      20
 1     825
 2     225    3828
 3    2150     298    1488
 4    6084    1068    1646    3639
 5    7234    2332    1549    1644    1385
 6   10921    1933    2419    5623    1344     370
 7   10269    1960    3448    4508    1841     902     297
 8    8036    1800    3364    3644    1547     403     234     156
 9    5678     993    2995    2324    1071     416     555     250     127
10    3887     785    3399    1364     558     776     466     225     332     221
11    2002     703    1471    1032     525     561     654     268     314      90     145
12    1539     245     596     350     521     324     371     342     224      42      46     378
13     637     206     324     216     163     165     160     178     108      50      27     113      28
14     231      45     168     155      67     199      88      57      48      41      35      23      18      16
15     153      30     105      69      41      76      70      31      36      40      67      35      15      22      24
16      59      10      34      38      10      24      41      22      12      18      18      22      22      19      16       5
17      36       6      23      14       7      14       6       8      10     117      17      15       4       3     114       3       1
18      42       3       9      16       4       7      18      10       3      13       9      22      19       6       2       2       9       0
19      17       3       2       2       2       3       4       2       1       2      11       5       5       5       7       5       2       1       2
20      24       2       4       2       0       4       1       1       3       5       3       2      14       4       8       1       1       5       0       1

 Q       1       2       3       4       5       6       7       8       9      10      11      12      13      14      15      16      17      18      19      20
 1      34
 2       5       7
 3     619       2     623
 4      87       1       1     190
 5     779     110      13      45       4
 6     186     193      70     147       0       5
 7     614     158     278      91      30       0       0
 8     530     170     330     118      10      35       0       3
 9     373     161     103      63      37      25      63       1       0
10      71      53      45     131       6     105      49      17       0       0
11     154      13      46      13      21      29      13       1      10       0       1
12      75       4      58      12     154     126       4       5       2       3       0       0
13      37       0      14       5       5      24      12       0       0       1       1       0       0
14      31       1       9       3       1       0       3       1       0       1       0       0       0       0
15       2       1       2       0       1       1       1       1       0       0       0       0       0       4       1
16       3       2       1       3       0       0       0       0       1       2       0       0       0       0       0       0
17       0       0       0       2       0       0       0       0       2       0       0       0       0       0       0       0       0
18       1       0       0       0       0       0       0       0       0       0       0       0       1       0       0       0       0       0
19       2       0       0       0       0       1       0       0       0       0       0       1       0       0       0       0       1       0       0
20       0       0       0       0       0       0       0       0       0       0       0       0       0       0       0       0       0       0       0       0

 R       1       2       3       4       5       6       7       8       9      10      11      12      13      14      15      16      17      18      19      20
 1     189
 2    2594    7194
 3    2146    9371   25459
 4    6116   10599   22644   10888
 5    6091   13104   14728   16658   19053
 6    8399    9784   15187    6879    9258   15471
 7    6390   11410   15252    7634    6676   11881    8663
 8    5471    8200    8040    6511    7861    5659    5313    5721
 9    3238    5724    5318    4295    5284    5288    1548    4602    4524
10    2373    3251    2754    3461    4670    3569    2111    1314    1901    1361
11    1335    1864    1598    1604    3367    2313    1209    1080     567    1019     873
12     653    1216    1255     939    1194    1225     643     935     470     505     580     428
13     251     646     463     505    1540     491     412     469     321     281     157     486     170
14     348     379     263     376     363     246     214     335     417     160     112     144     212     145
15     123     164     206     334     210     161     168     160     165     134     125     169      83     115     127
16      59      94      76     163     124      93      71     127      86      57     124      57      80      90      86      57
17      70      24      24     161      56      51      24      50      40      28      18      39      23      43      22      33      23
18      15      17      22      18      48      39      16      25      37       6      11      43      18      13      25       6      19      37
19       0       4       8      10      13      11      15       6       5      10       6      14      13      22      12       6       9       6       9
20       2       7      20       3      14      33      11       4       9       5      14      17       6      12      13       6      13      16       2       7

 S       1       2       3       4       5       6       7       8       9      10      11      12      13      14      15      16      17      18      19      20
 1    4972
 2    4549   27262
 3   13216    1302   34033
 4   21683    1143   18988   24398
 5   19705    1980    3604   12833   31980
 6   19189    1829    7737    5341    4818   24960
 7   14317    1085    7183    6221    2639    7762   24559
 8   10068     502    6140    3931    3909    2079    3894   17144
 9    7180     763    4021    3211    2815    3834    2680    1768   12489
10    2950     866    3354    1931    2509    3332    3209     966     960    7742
11    1835     530    2189    1231    1006    1500     997    1071     470     564    4691
12    1128     171    1008    1126     922     843     889     450     772     220     385    2850
13     498     195     594     544     528     619     336     334     542     295     128     249    1799
14     309      52     421     166     283     345     532     123     125     119     253     226     313     742
15     217      48     202      88      64     262     227     244     133     109     151     160     146     187     659
16     108      27      70      38      46      52      77      54     100      57      68      44      35      35     111     200
17      51       5      33      27      28      53     128      55      23      27      27      36      44      36      30      33      79
18      33      25      27      11      18      20      22       8      13      37      27      25      15      19       5      13      30      60
19      17       2       5       5       3       6       2       6      10      14      17       7       6      10      13       9       2       9      13
20       3       0       3       5       4       6       3       5       5      14       3      12      20       8      10      21       1      13      15      22

 T       1       2       3       4       5       6       7       8       9      10      11      12      13      14      15      16      17      18      19      20
 1     175
 2   42533   29142
 3   96246    5144   29506
 4   55737    1445   19884   48323
 5   27395    9161    8388   11305   20766
 6    8876    4832   11170   12246    6616    9705
 7    7001    3884    9475   14539    7374    6311   10815
 8    3908    3677    6433    6439    7844    6057    6061    4138
 9    2438    1862    4171    4319    5675    8403    4872    3813    5074
10    1990     847    2628    2917    2448    4045    6797    2917    2483    3285
11     873     226    1649    1758    1454    2076    1823    4747    1485    2031    1815
12     351     146    1139    1418     906     887    1240    1369    2835    1009     846     371
13     223      89     889     669     310     810     590     927     714    1503     699     453     343
14     155      24     180     263     251     206     322     443     429     333     993     250     245     182
15      67      52     230     229     108     114     179     128     199     173     231     242     171     150      78
16      42      13     111     174      60     119     108      67      98      60     107      62     166      58      77      46
17      22       6      35      31      47      52      72     146      47      18      59      32      22      92      47      37      45
18      31       3      34      87      24      34      27      26      28      45      30      24      24      29      74      23      12      15
19       8       3      10      59      11      10      11       9       9       7      10      13      10       5       6      14       4       6      14
20       6       1      16      73       6       9       6      11      11      22      10       3       5      19      16       7      17       2       4      16

 U       1       2       3       4       5       6       7       8       9      10      11      12      13      14      15      16      17      18      19      20
 1     579
 2    5446      59
 3     913   18263   13062
 4    1356   13706    5619     122
 5    2537    6144   15111    6821      90
 6    1487    8601    4398    9216    2018      87
 7     829    8879    4769    4546    6945    3067     105
 8     570    5667    3320    3494    2994    1721    1537      64
 9     577    3293    1788    2307    3022    1246    1760    1531      33
10    1483    2210     845    1541    1570    1117    1373     987    1055       4
11     473    1027     450     653     746     590     644     663     273     328      16
12     770     577     178     322     211     465     841     282     279     156     147       4
13     470     318      87     183     258      79     356     356     138     174      54     112       5
14     136     147      87     122      99      98      79     101     144      57      74      62      58       4
15      23      90      46      32      41      29      55      86      44      53      43      73      19      58       5
16      76      78      31      14      30       4      50       8      16      80      21      21      16      19      29       7
17      30      23      17      18      16       6       7      14      26      19       9      19      11      10      16       7     113
18       1      21      10      28       9       3       7       5      21       3       8      10       7      11       6      10      11       1
19       3       8       2       6       5       2       4       2       6       7       3       1       9       4       2       2       2       5       0
20       7       1       1       2       0       2       4       0       1       1       1       1       0       4       3       0      10       1       1       2

 V       1       2       3       4       5       6       7       8       9      10      11      12      13      14      15      16      17      18      19      20
 1      74
 2    1472     232
 3     175     149     182
 4    2489    4961   11218      24
 5    1598    1326    5639    1948       5
 6    1348     273    2758    2014     621      11
 7    1897     799    2009    1927    1444    1254      27
 8    1083    1012    2090    1108     671    1901     589      15
 9    3044     748    1409     798     304     747    2843    1250      47
10     433     967    1190     983     803     359     315     621     604       4
11     193     138     947     191     345     448      86     196      75     566       3
12      35     127     241     343      43     270     302     120     143      98     299       0
13      39      27     437      60      62      47     201      62      13      75     117     107       0
14      19      40      47      30      23      29      24      97      30       9      24      11     110       1
15       8       4      69      25      12      21      16      12      61      37      13      11      74      25       6
16       7      30      35      12       5      31       9       3       4      29      37       7       3       3      10       0
17       4       1      22      10       3       3       4       8       6       1       7       5      16       4       3       7       0
18       5       4      12      16       5       4       0       4       6       2       3      13      23       4       4       4      12       0
19       2       0       3       4       0       4       2       1       0       1       0       6       4       1       0       2       5       2       0
20       1       0       2       2       0       5       1       0       1       4       2       4       0       1       2       0       1       2       0       1

 W       1       2       3       4       5       6       7       8       9      10      11      12      13      14      15      16      17      18      19      20
 1      82
 2    8148      12
 3   22300    4152   10139
 4   37989    1090    3141    5074
 5   19861    1240    1346    1812     638
 6    4574     573    2309    1548     267    1150
 7    5604     391    1258    2598     546     422     285
 8    1639     356     582     544     807     500     173     225
 9    1059     288     377     362     489     967      75     220     223
10     858     102     244     119     129     296     152     109     111      11
11     242      61      67      47     108     185      57      73      65      34      17
12     133      24      32      30     126     147      43      26      43      20      15      23
13      66      13      24      21       6      50      13      17      42      22       7       6       2
14      44      12      17      30      28      26      45      45       6      22      19       7       1       3
15      23       0      14      34      13      28       9      21       2      39       2      33       2       7       4
16      17       6      43       5       3      41       1       3      19       4       9      35       8       4       6       7
17       3       2       7       0       0       2       2       1       7       9       0       7       1       2       3       2       6
18       4       4       5       1       2       2       1       1       3       3       5       3       4       2       9       2       1      72
19       0       1       4       1       1       1       0       0       0       5       0       5       3       3       1       3       2       0      37
20       3       1       1       1       1       0       1       1       1       3       3       3       2       1       3       3       1      13       1       0

 X       1       2       3       4       5       6       7       8       9      10      11      12      13      14      15      16      17      18      19      20
 1      63
 2      10      46
 3      12      14    1435
 4      80      64    1138     110
 5      18     304     698      14     172
 6      11     792     563      26      12      66
 7       7    1434     347      42      32      84     283
 8       3    1085     120      33      15      23       5      63
 9       0    1414     112      37      10       5      12      15      18
10       6     812      41      50      10       1      54      11       1      10
11       0     545      24      62      20      11      18       5       0       2       7
12       0     220       9      24       5       7      13       4      12       0       1       1
13       0     101       7       8       1      55      28       0       5       3       0       1       0
14       0      16       6       0       2       4       2       1       1       1       1       1       2       2
15       0      32       5       0       3       3      19       2       1       3       0       1       0       0       6
16       0      21       5       0       0      25       1       0       1       1       0       1       0       0       0       1
17       0       7       2       1       0       0       1       0       0       1       0       0       0       0       0       0       0
18       0       1       2       0       0       0       0       0       0       1       0       2       2       0       0       0       0       0
19       0       3       0       0       0       0       4       0       1       0       1       1       0       0       0       0       0       0       0
20       0       1       0       0       0       0       0       0       0       0       0       1       0       0       0       0       0       0       0       0

 Y       1       2       3       4       5       6       7       8       9      10      11      12      13      14      15      16      17      18      19      20
 1      53
 2      26   11097
 3   14238     260   11746
 4    5282     916    4104   18694
 5    3217     687    1116     496   10110
 6     372    1126    2488     997    1339   10514
 7     713     582    1020    1236     251     464   10272
 8     297     346    1139     211    1141     224     435    7126
 9     166     228     262     170     566     434     214     143    5214
10      64     243     162     119     702     240     227      90      95    4091
11      37      69      66      34     209      67      70      98      77      58    2363
12      11      77      77      19      68     110      35      85      85      18       9    1704
13       2      27     130      20      15      29      46      11       4      28      22       6     915
14       5      16      23      62      32      18      34      24      47      13      23      12       3     379
15      28       4      39      18      24      66      21      13      19      10      16       8      12       6     142
16       0      10       9       1      45       6      11       3      51      43      10       4       7      10      41      70
17       2       0      20       1       6       5       6       9       2       3      14       0       2       1       1       0      38
18       0       0       1       0       4       5       1       7       1       1       3       7       2       0       1       0       0      41
19       0       0       0       2       0       0       1       1       1       0       4       1       0       1       1       2       0       0      10
20       0       1       0       1       1       0       1       1       1       1       1       2       1       3       7       0       2       0       0      13

 Z       1       2       3       4       5       6       7       8       9      10      11      12      13      14      15      16      17      18      19      20
 1       5
 2       6      53
 3      57       7      59
 4     203      15     381     162
 5      90      64     284     357     156
 6      96      11     221     289     190      64
 7      81      18     188     357     234     260     100
 8      37       2      80     128     294     265     118      79
 9      73       0      42     107      80      61     234     243     104
10      11       4      45      39      38      17      96     285      76      16
11       5       1      20       9      62      28       8      81     138      35       1
12       2       0       6      32       7       1     259       8      38     119      16       1
13       1       0       3      10      28       1     102      67      15      30      41       7       3
14       1       4       1       3       1      22      40      15      56       4       7      25       5       3
15       0       0       0       1       2       0      19       1      11      31       6       7      45       2       1
16       0       0       0       7       0       1       1      14       1       1       8       0       3       3       3       2
17       0       0       0      12       0       0       1       0       8       0       2      12       1       2       5       0       0
18       0       0       0       0       0       0       1       0       0       4       0       1       1       2       1       1       1       0
19       0       0       0       0       0       0       1       1       0       0       2       0       1       0       1       4       0       0       0
20       0       0       0       1       0       0       0       0       0       0       0       2       1       0       3       0       0       0       0       3

Word Length  Counts
 1     73211
 2    267905
 3    333574
 4    280141
 5    184155
 6    136933
 7    123853
 8     82588
 9     60983
10     37902
11     21251
12     12520
13      6906
14      3648
15      2160
16      1102
17       620
18       398
19       157
20       186

Total letter count = 7527512
File byte count = 9501103
